m1: 0.02780
m2: 0.02116
m3: 0.02198
m4: 0.02354
m5: 0.02334
m6: 0.02255
m7: 0.02020
m8: 0.02383
m9: 0.01760
m10:0.03238
m11:0.01759
m12:0.01674
m13:0.02942
m14:0.02862
m15:0.02922
m16:0.02653
m17:0.02550
m18:0.03089
m19:0.02237
m20:0.03105
m21:0.02169
m22:0.02363
m23:0.01818
m24:0.02215
m25:0.02012
m26:0.01722
m27:0.02065
m28:0.02056
m29:0.02338
m30:0.01950
m31:0.01925
m32:0.02005
m33:0.02324
m34:0.02847
m35:0.01752
m36:0.01848
m37:0.02213
m38:0.01683
m39:0.01634
m40:0.01903
m41:0.01759
m42:0.01917
m43:0.01889
m44:0.01830
m45:0.01823
m46:0.01905
m47:0.01682
m48:0.01494
m49:0.01956
m50:0.01757
m51:0.02008
m52:0.02786
m53:0.02120
m54:0.02202
m55:0.02250
m56:0.01736
m57:0.01866
m58:0.02366
m59:0.01923
m60:0.01937
m61:0.02498
m62:0.03058
m63:0.02318
m64:0.02755
m65:0.02807
m66:0.02186
m67:0.03345
m68:0.02371
m69:0.02277
m70:0.03131
m71:0.02398
m72:0.02381