m1: 0.02805
m2: 0.02648
m3: 0.03399
m4: 0.02822
m5: 0.03777
m6: 0.02667
m7: 0.02329
m8: 0.02732
m9: 0.02907
m10:0.02104
m11:0.01761
m12:0.02659
m13:0.02972
m14:0.02176
m15:0.02320
m16:0.01970
m17:0.02636
m18:0.02345
m19:0.02461
m20:0.02119
m21:0.01954
m22:0.02077
m23:0.01922
m24:0.02280
m25:0.01571
m26:0.01627
m27:0.01557
m28:0.01431
m29:0.02445
m30:0.02586
m31:0.01751
m32:0.02331
m33:0.01783
m34:0.01490
m35:0.01781
m36:0.01552
m37:0.01623
m38:0.01971
m39:0.02222
m40:0.02185
m41:0.01901
m42:0.01380
m43:0.01261
m44:0.01436
m45:0.01846
m46:0.01953
m47:0.01546
m48:0.01336
m49:0.01512
m50:0.01578
m51:0.01641
m52:0.01535
m53:0.02272
m54:0.01570
m55:0.01466
m56:0.01501
m57:0.01398
m58:0.01378
m59:0.01359
m60:0.01611
m61:0.01441
m62:0.01388
m63:0.01390
m64:0.01418
m65:0.02429
m66:0.02376
m67:0.01699
m68:0.01727
m69:0.01847
m70:0.01645
m71:0.01798
m72:0.01548
m73:0.01424
m74:0.01544
m75:0.01493
m76:0.01422
m77:0.01555
m78:0.01201
m79:0.01430
m80:0.01230
m81:0.02258
m82:0.02454
m83:0.01925
m84:0.02094
m85:0.01951
m86:0.01990
m87:0.02027
m88:0.01934
m89:0.01757
m90:0.01641
m91:0.01299
m92:0.01712
m93:0.01653
m94:0.01664
m95:0.02100
m96:0.02026